-4 -5 -7 1 5
-3 0 7 7 14
2 -3 -7 -3 4
-8 -2 0 -3 0
-6 -7 7 6 0 
3 1 6 -5 8 
3 -6 3 -3 0 
6 5 -8 4 9 
3 5 1 5 14 
7 -7 -7 -3 14 
6 -4 1 7 3 
2 1 1 4 8 
-2 -4 1 -5 5 
-6 7 -6 6 4 
5 5 7 -7 0 
-3 -5 1 -7 0 
0 7 -1 -2 5 
7 -1 -6 -8 3 
-8 6 4 7 12 
1 -6 7 5 0 
-5 -6 7 1 3 
4 -1 2 -5 5 
-6 4 3 -6 5 
2 5 -3 -7 12 
-6 2 7 7 8 
0 1 1 2 12 
7 -7 5 -8 2 
1 4 0 5 9 
2 -6 -6 -4 7 
1 -3 4 -7 13 
-7 -6 -5 -3 6 
0 4 -6 6 14 
-8 -4 -3 -3 12 
-8 7 -6 -1 8 
-1 -6 0 6 15 
7 -4 -7 -3 1 
4 -3 -5 -8 0 
6 -6 5 -3 5 
6 -2 -3 -6 11 
-7 -4 -4 -8 0 
4 -3 -3 -3 12 
-1 -3 6 -8 9 
-2 2 1 -6 3 
4 -8 1 -5 7 
-3 -1 -3 -1 3 
-5 0 6 -3 15 
5 -3 -4 6 13 
-4 -1 2 -7 11 
5 5 7 7 7 
0 1 6 -5 6 
-4 5 -3 7 14 
-8 0 -4 -3 4 
-6 3 4 -3 4 
5 -8 6 -6 8 
0 -3 5 -6 12 
4 7 -3 6 3 
-4 -8 7 -5 1 
1 0 -3 7 12 
-6 6 -6 -1 14 
-8 -5 -1 7 7 
6 -7 4 2 15 
-3 5 -4 -2 14 
-1 -8 -2 6 4 
-4 7 -4 -6 7 
4 -8 -4 -5 4 
-6 -7 -4 1 15 
-1 -1 6 2 0 
-1 -6 7 -8 11 
-8 6 -4 -3 12 
4 2 -8 -8 12 
4 2 2 -3 9 
-2 -3 0 4 12 
-1 -2 -4 5 3 
5 -1 -3 -1 10 
0 -5 -8 5 11 
6 -8 0 7 2 
-8 -7 -6 -6 14 
2 -8 -5 7 1 
4 7 7 2 5 
3 -4 7 -4 13 
-1 -7 -7 -7 0 
5 -2 0 7 9 
-1 7 -1 0 1 
-5 -7 -2 5 1 
2 -4 0 0 5 
5 -6 4 -5 5 
-1 -4 -7 -6 10 
-5 -6 -7 7 9 
6 -3 6 -1 13 
-6 2 3 7 4 
1 6 -5 0 14 
7 6 3 -7 3 
0 3 -8 2 11 
-6 -4 -1 -3 8 
0 7 4 0 12 
2 0 -2 3 4 
-4 1 -8 -8 7 
5 -7 -6 -7 5 
-8 -4 7 -6 12 
0 -7 -6 0 0 
-6 0 3 -8 5 
6 4 1 -8 14 
0 4 -6 -2 4 
-2 -3 3 7 15 
