000000000000000000000000000000001111000000000000000000000000000000000000111100000000000000000000000000000000000000000000000000000000000000000000000000000000000000000000000000000000000000000000000000000000000000000000000000000000000000000000000000000000000000000000000000000000
000000000000000000000000000000000000000000000000000000000000000000000000000000000000000000000000000000000000000000000000000000000000000000000000000000000000000000000000000000000000000000000000000000000000000000000000000000000000000000000000000000000000000000000000000000000000
000000000000000000000000011000000000000001100000000000000000000001100000000000000110000000000000000000000000000000000000000000000000000000000000000000000000000000000000000000000000000000000000000000000000000000000000000000000000000000000000000000000000000000000000000000000000
000000000000000000000000011000000000000001100000000000000000000001100000000000000110000000000000000000000000000000000000000000000000000000000000000000000000000000000000000000000000000000000000000000000000000000000000000000000000000000000000000000000000000000000000000000000000
000000000000000000000000001000000000000000000000000000000000000000000000000000000010000000000000000000000000000000000000000000000000000000000000000000000000000000000000000000000000000000000000000000000000000000000000000000000000000000000000000000000000000000000000000000000000
000000000000000000000000010000000000000000000011111111111111110000000000000000000100000000000000000000000000000000000000000000000000000000000000000000000000000000000000000000000000000000000000000000000000000000000000000000000000000000000000000000000000000000000000000000000000
000000000000000000000000000000000000000000000000000000000000000000000000000000000000000000000000000000000000000000000000000000000000000000000000000000000000000000000000000000000000000000000000000000000000000000000000000000000000000000000000000000000000000000000000000000000000
000000000000000000000000000000000000000000000000000000000000000000000000000000000000000000000000000000000000000000000000000000000000000000000000000000000000000000000000000000000000000000000000000000000000000000000000000000000000000000000000000000000000000000000000000000000000
000000000000000000010000110000001100000000000000010000000100000000000000000100000001000010000000000000000000000000000000000000000000000000000000000000000000000001000000010000000100000011000000000000000000000000000000000000000000000000000000000000000000000000000000000000000000
000000000000000000100000011000000110000000000000010000000100000000000000000100000001000001000000000000000000000000000000000000000000000000000000000000000000000001000000010000000100000001100000000000000000000000000000000000000000000000000000000000000000000000000000000000000000
000000000000000001000000000100000001000000000000010000000100000000000000000100000001000000100000000000000000000000000000000000000000000000000000000000000000000001000000010000000100000000010000000000000000000000000000000000000000000000000000000000000000000000000000000000000000
000000000000000001000000000000000000000000000000010000000100000000000000001000000010000000100000000000000000000000000000000000000000000000000000000000000000000001000000010000000100000000000000000000000000000000000000000000000000000000000000000000000000000000000000000000000000
000000000000000010000000000000000000000000000000000000000000000000000000001000000010000000010000000000000000000000000000000000000000000000000000000000000000000000000000000000000000000000000000000000000000000000000000000000000000000000000000000000000000000000000000000000000000
000000000000000010000000000000000000000000000000000000000000000000000000001000000010000000010000000000000000000000000000000000000000000000000000000000000000000000000000000000000000000000000000000000000000000000000000000000000000000000000000000000000000000000000000000000000000
000000000000000010000000000000000000000000000000000000000000000000000000010000000100000000010000000000000000000000000000000000000000000000000000000000000000000000000000000000000000000000000000000000000000000000000000000000000000000000000000000000000000000000000000000000000000
000000000000000010000000000000000000000000000000000000000000000000000000010000000100000000010000000000000000000000000000000000000000000000000000000000000000000000000000000000000000000000000000000000000000000000000000000000000000000000000000000000000000000000000000000000000000
000000000000000010000000000000000000000011110000000000000000000011110000010000000100000000010000000000000000000000000000000000000000000000000000111100001111000000000000000000000000000000000000111100000000000000000000000000000000000000000000000000000000000000000000000000000000
000000000000000010000000000000000000000000000000000000000000000000000000100000001000000000010000000000000000000000000000000000000000000000000000000000000000000000000000000000000000000000000000000000000000000000000000000000000000000000000000000000000000000000000000000000000000
000000000000000010000000000000000000000000000000000000000000000000000000100000001000000000010000011000000000000000000000000000000110000001100000000000000000000000000000000000000000000000000000000000000110000000000000000000000000000000000000000000000000000000000000000000000000
000000000000000001000000000000000000000000000000000000000000000000000000100000001000000000100000011000000000000000000000000000000110000001100000000000000000000000000000000000000000000000000000000000000110000000000000000000000000000000000000000000000000000000000000000000000000
000000000000000001000000000000000000000000000000000000000000000000000000000000000000000000100000000000000000000000000000000000000000000000000000000000000000000000000000000000000000000000000000000000000000000000000000000000000000000000000000000000000000000000000000000000000000
000000000000000000100000000000000000000000000000000000000000000000000000000000000000000001000000000000111111111111111111111111000000000000000000000000000000000000000000000000000000000000000000000000000000001111111100000000000000000000000000000000000000000000000000000000000000
000000000000000000000000000000000000000000000000000000000000000000000000000000000000000000000000000000000000000000000000000000000000000000000000000000000000000000000000000000000000000000000000000000000000000000000000000000000000000000000000000000000000000000000000000000000000
000000000000000000000000000000000000000000000000000000000000000000000000000000000000000000000000000000000000000000000000000000000000000000000000000000000000000000000000000000000000000000000000000000000000000000000000000000000000000000000000000000000000000000000000000000000000
000000000000000000000000110000000011100000000000000000000011100000000000000000001000000000000000000000000000000011000000000000000000000000000000000000000001000000000000000000000000000000000000000000001000000000000000110000000000000000000000000000000000000000000000110000001000
000000000000000000000000011000000100000000000000000000000100000000000000000000000100000000000000000000000000000001100000000000000000000000000000000000000010000000000000000000000000000000000000000000000100000000000000011000000000000000000000000000000000000000000000011000000100
000000000000000000000000000100001000000000000000000000001000000000000000000000000010000000000000000000000000000000010000000000000000000000000000000000000100000000000000000000000000000000000000000000000010000000000000000100000000000000000000000000000000000000000000000100000010
000000000000000000000000000000010000000000000000000000010000000000000000000000000010000000000000000000000000000000000000000000000000000000000000000000000100000000000000000000000000000000000000000000000010000000000000000000000000000000000000000000000000000000000000000000000010
000000000000000000000000000000010110000000000000000000010110000000000000000000000001000000000000000000000000000000000000000000000000000000000000000000001000000000000000000000000000000000000000000000000001000000000000000000000000000000000000000000000000000000000000000000000001
000000000000000000000000000000011001000000000000000000011001000000000000000000000001000000000000000000000000000000000000000000000000000000000000000000001000000000000000000000000000000000000000000000000001000000000000000000000000000000000000000000000000000000000000000000000001
000000000000000000000000000000010000100000000000000000010000100000000000000000000001000000000000000000000000000000000000000000000000000000000000000000001000000000000000000000000000000000000000000000000001000000000000000000000000000000000000000000000000000000000000000000000001
000000000000000000000000000000010000100000000000000000010000100000000000000000000001000000000000000000000000000000000000000000000000000000000000000000001000000000000000000000000000000000000000000000000001000000000000000000000000000000000000000000000000000000000000000000000001
000000000000000000000000000000010000100000000000000000010000100000000000000000000001000000000000000000000000000000000000111100000000000000000000000000001000000000000000000000000000000000000000000000000001000000000000000000001111000000000000000000000000000000000000000000000001
000000000000000000000000000000010000100000000000000000010000100000000000000000000001000000000000000000000000000000000000000000000000000000000000000000001000000000000000000000000000000000000000000000000001000000000000000000000000000000000000000000000000000000000000000000000001
000000000000000000000000000000001001000000000000000000001001000000000000000000000001000000000000000000000000000000000000000000000110000000000000000000001000000000000000000000000000000000000000000000000001000001100000000000000000000001100000000000000000000001100000000000000001
000000000000000000000000000000000110000000000000000000000110000000000000000000000010000000000000000000000000000000000000000000000110000000000000000000000100000000000000000000000000000000000000000000000010000001100000000000000000000001100000000000000000000001100000000000000010
000000000000000000000000000000000000000000000000000000000000000000000000000000000010000000000000000000000000000000000000000000000000000000000000000000000100000000000000000000000000000000000000000000000010000000000000000000000000000000000000000000000000000000000000000000000010
000000000000000000000000000000000000001111111100000000000000000000000000000000000100000000000000000000000000000000000000000000000000000000000000000000000010000000000000000000000000000000000000000000000100000000000000000000000000000000000011111111111111110000000000000000000100
000000000000000000000000000000000000000000000000000000000000000000000000000000000000000000000000000000000000000000000000000000000000000000000000000000000000000000000000000000000000000000000000000000000000000000000000000000000000000000000000000000000000000000000000000000000000
000000000000000000000000000000000000000000000000000000000000000000000000000000000000000000000000000000000000000000000000000000000000000000000000000000000000000000000000000000000000000000000000000000000000000000000000000000000000000000000000000000000000000000000000000000000000
000000000000000000000000000100000000001110111000000000000000000010000000010000000000000000000000000000000000000000000000000000000000000010000000000000000000000011000000000000000000000000000000110000000000000000000000110000001100000000000000000000000000000000000000010000000000
000000000000000000000000001000000000000100010000000000000000000001000000010000000000000000000000000000000000000000000000000000000000000001000000000000000000000001100000000000000000000000000000011000000000000000000000011000000110000000000000000000000000000000000000010000000000
000000000000000000000000010000000000000100010000000000000000000000100000010000000000000000000000000000000000000000000000000000000000000000100000000000000000000000010000000000000000000000000000000100000000000000000000000100000001000000000000000000000000000000000000010000000000
000000000000000000000000010000000000000010100000000000000000000000100000010000000000000000000000000000000000000000000000000000000000000000100000000000000000000000000000000000000000000000000000000000000000000000000000000000000000000000000000000000000000000000000000010000000000
000000000000000000000000100000000000000010100000000000000000000000010000000000000000000000000000000000000000000000000000000000000000000000010000000000000000000000000000000000000000000000000000000000000000000000000000000000000000000000000000000000000000000000000000000000000000
000000000000000000000000100000000000000010100000000000000000000000010000000000000000000000000000000000000000000000000000000000000000000000010000000000000000000000000000000000000000000000000000000000000000000000000000000000000000000000000000000000000000000000000000000000000000
000000000000000000000000100000000000000001000000000000000000000000010000000000000000000000000000000000000000000000000000000000000000000000010000000000000000000000000000000000000000000000000000000000000000000000000000000000000000000000000000000000000000000000000000000000000000
000000000000000000000000100000000000000001000000000000000000000000010000000000000000000000000000000000000000000000000000000000000000000000010000000000000000000000000000000000000000000000000000000000000000000000000000000000000000000000000000000000000000000000000000000000000000
000000000000000000000000100000000000000001000000000000000000000000010000000000000000000000000000000000000000000000000000000000000000000000010000000000000000000000000000000000000000000000000000000000000000000000000000000000000000000011110000000000000000000011110000000000000000
000000000000000000000000100000000000000001000000000000000000000000010000000000000000000000000000000000000000000000000000000000000000000000010000000000000000000000000000000000000000000000000000000000000000000000000000000000000000000000000000000000000000000000000000000000000000
000000000000000000000000100000000000000001000000000000000110000000010000000000000000000000000000011000000000000000000000000000000000000000010000000000000000000000000000011000000000000000000000000000000110000000000000000000000000000000000000011000000110000000000000000000000000
000000000000000000000000010000000000000011100000000000000110000000100000000000000000000000000000011000000000000000000000000000000000000000100000000000000000000000000000011000000000000000000000000000000110000000000000000000000000000000000000011000000110000000000000000000000000
000000000000000000000000010000000000000000000000000000000000000000100000000000000000000000000000000000000000000000000000000000000000000000100000000000000000000000000000000000000000000000000000000000000000000000000000000000000000000000000000000000000000000000000000000000000000
000000000000000000000000001000111111110000000011111111000000000001000000000000000000000000000000000000111111110000000000000000000000000001000000000000000000000000000000000000111111110000000000000000000000000000000000000000000000000000000000000000000000000000000000000000000000
000000000000000000000000000000000000000000000000000000000000000000000000000000000000000000000000000000000000000000000000000000000000000000000000000000000000000000000000000000000000000000000000000000000000000000000000000000000000000000000000000000000000000000000000000000000000
000000000000000000000000000000000000000000000000000000000000000000000000000000000000000000000000000000000000000000000000000000000000000000000000000000000000000000000000000000000000000000000000000000000000000000000000000000000000000000000000000000000000000000000000000000000000
000000000000000000000000000000001100000000000000000000000100000000000000000000000000000000000000000000000001000000000000000000000001000000000000000000000100000000000000000000000100000000000000000000000100000000000000000000000000000000000000000000000000000000000000000000000000
000000000000000000000000000000000110000000000000000000000100000000000000000000000000000000000000000000000001000000000000000000000001000000000000000000000100000000000000000000000100000000000000000000000100000000000000000000000000000000000000000000000000000000000000000000000000
000000000000000000000000000000000001000000000000000000000100000000000000000000000000000000000000000000000001000000000000000000000001000000000000000000000100000000000000000000000100000000000000000000000100000000000000000000000000000000000000000000000000000000000000000000000000
000000000000000000000000000000000000000000000000000000000100000000000000000000000000000000000000000000000010000000000000000000000010000000000000000000000100000000000000000000000100000000000000000000000100000000000000000000000000000000000000000000000000000000000000000000000000
000000000000000000000000000000000000000000000000000000000000000000000000000000000000000000000000000000000010000000000000000000000010000000000000000000000000000000000000000000000000000000000000000000000000000000000000000000000000000000000000000000000000000000000000000000000000
000000000000000000000000000000000000000000000000000000000000000000000000000000000000000000000000000000000010000000000000000000000010000000000000000000000000000000000000000000000000000000000000000000000000000000000000000000000000000000000000000000000000000000000000000000000000
000000000000000000000000000000000000000000000000000000000000000000000000000000000000000000000000000000000100000000000000000000000100000000000000000000000000000000000000000000000000000000000000000000000000000000000000000000000000000000000000000000000000000000000000000000000000
000000000000000000000000000000000000000000000000000000000000000000000000000000000000000000000000000000000100000000000000000000000100000000000000000000000000000000000000000000000000000000000000000000000000000000000000000000000000000000000000000000000000000000000000000000000000
000000000000000000000000000000000000000011110000111100000000000000000000000000000000000011110000000000000100000000000000000000000100000011110000111100000000000000000000000000000000000000000000000000000000000000000000000000000000000000000000000000000000000000000000000000000000
000000000000000000000000000000000000000000000000000000000000000000000000000000000000000000000000000000001000000000000000000000001000000000000000000000000000000000000000000000000000000000000000000000000000000000000000000000000000000000000000000000000000000000000000000000000000
000000000000000001100000011000000000000000000000000000000000000000000000011000000110000000000000000000001000000000000000000000001000000000000000000000000000000000000000011000000000000000000000011000000000000000000000000000000000000000000000000000000000000000000000000000000000
000000000000000001100000011000000000000000000000000000000000000000000000011000000110000000000000000000001000000000000000000000001000000000000000000000000000000000000000011000000000000000000000011000000000000000000000000000000000000000000000000000000000000000000000000000000000
000000000000000000000000000000000000000000000000000000000000000000000000000000000000000000000000000000000000000000000000000000000000000000000000000000000000000000000000000000000000000000000000001000000000000000000000000000000000000000000000000000000000000000000000000000000000
000000111111110000000000000000000000000000000000000000000000001111111100000000000000000000000011111111000000000000000000000000000000000000000000000000000000001111111100000000000000000000000000010000000000000000000000000000000000000000000000000000000000000000000000000000000000
000000000000000000000000000000000000000000000000000000000000000000000000000000000000000000000000000000000000000000000000000000000000000000000000000000000000000000000000000000000000000000000000000000000000000000000000000000000000000000000000000000000000000000000000000000000000
000000000000000000000000000000000000000000000000000000000000000000000000000000000000000000000000000000000000000000000000000000000000000000000000000000000000000000000000000000000000000000000000000000000000000000000000000000000000000000000000000000000000000000000000000000000000
000100000010000001100000100000000000000000000000010000000100000000000000000000000001000001100000001000001000000000000000010000000000000000000000000100000001000001000000000000000000000001000000000000000000000000000000000000000000000000000000000000000000000000000000000000000000
001000000010000000100000010000000000000000000000010000000100000000000000000000000010000000100000001000000100000000000000010000000000000000000000001000000010000001000000000000000000000001000000000000000000000000000000000000000000000000000000000000000000000000000000000000000000
010000000000000000100000001000000000000000000000010000000100000000000000000000000100000000100000000000000010000000000000010000000000000000000000010000000100000001000000000000000000000001000000000000000000000000000000000000000000000000000000000000000000000000000000000000000000
010000000010000000100000001000000000000000000000010000000100000000000000000000000100000000100000001000000010000000000000010000000000000000000000010000000100000001000000000000000000000001000000000000000000000000000000000000000000000000000000000000000000000000000000000000000000
100000000110000000100000000100000000000000000000000000000000000000000000000000001000000000100000011000000001000000000000000000000000000000000000100000001000000001000000000000000000000000000000000000000000000000000000000000000000000000000000000000000000000000000000000000000000
100000000010000000100000000100000000000000000000000000000000000000000000000000001000000000100000001000000001000000000000000000000000000000000000100000001000000001000000000000000000000000000000000000000000000000000000000000000000000000000000000000000000000000000000000000000000
100000000010000000100000000100000000000000000000000000000000000000000000000000001000000000100000001000000001000000000000000000000000000000000000100000001000000001000000000000000000000000000000000000000000000000000000000000000000000000000000000000000000000000000000000000000000
100000000010000000100000000100000000000000000000000000000000000000000000000000001000000000100000001000000001000000000000000000000000000000000000100000001000000001000000000000000000000000000000000000000000000000000000000000000000000000000000000000000000000000000000000000000000
100000000010000000100000000100000000000011110000000000000000000000000000000000001000000000100000001000000001000000000000000000000000000000000000100000001000000000000000000000001111000000000000000000000000000000000000000000000000000000000000000000000000000000000000000000000000
100000000010000000100000000100000000000000000000000000000000000000000000000000001000000000100000001000000001000000000000000000000000000000000000100000001000000000000000000000000000000000000000000000000000000000000000000000000000000000000000000000000000000000000000000000000000
100000000010000000100000000100000110000000000000000000000000000000000000000000001000000000100000001000000001000001100000000000000000000000000000100000001000000001000000011000000000000000000000000000000000000000000000000000000000000000000000000000000000000000000000000000000000
010000000111000001110000001000000110000000000000000000000000000000000000000000000100000001110000011100000010000001100000000000000000000000000000010000000100000001000000011000000000000000000000000000000000000000000000000000000000000000000000000000000000000000000000000000000000
010000000000000000000000001000000010000000000000000000000000000000000000000000000100000000000000000000000010000000100000000000000000000000000000010000000100000000000000000000000000000000000000000000000000000000000000000000000000000000000000000000000000000000000000000000000000
001000000000000000000000010000000100000000000000000000000000000000000000000000000010000000000000000000000100000001000000000000000000000000000000001000000010000000000000000000000000000000000000000000000000000000000000000000000000000000000000000000000000000000000000000000000000
